x1,x2,x3,x4,x5,x6,x7,z
-0.448145491610821,-1.30102999566398,0.466348801567486,0.414973347970818,-0.650726048734641,-0.204089822269656,-1.30102999566398,-0.0319313863275151
-0.448145491610821,-1.30102999566398,0.477322029871896,0.414973347970818,-0.827943859956403,-0.19807641798532,-1.30102999566398,-0.0222389062693822
-0.448145491610821,-1.30102999566398,0.475190193185188,0.414973347970818,-0.786988050215357,-0.221837168275754,-1.30102999566398,-0.0442095089902481
-0.448145491610821,-1.30102999566398,0.470076977956234,0.414973347970818,-0.702748184363548,-0.236061168828257,-1.30102999566398,-0.190832469367794
-0.469339127515784,-1.30102999566398,0.464414667613971,0.414973347970818,-0.62616448393372,-0.221796631151358,-1.30102999566398,-0.196663097050548
-0.469339127515784,-1.30102999566398,0.481235027670065,0.414973347970818,-0.915609453308877,-0.233317690919178,-1.30102999566398,-0.200342908277149
-0.469339127515784,-1.30102999566398,0.489513897096666,0.414973347970818,-1.19954701875905,-0.221796631151358,-1.30102999566398,-0.20612649271658
-0.298412082401829,-1.30102999566398,0.458584655996995,0.414973347970818,-0.56011158698719,-0.198045834943732,-1.30102999566398,-0.107513452687739
-0.298412082401829,-1.30102999566398,0.475282319797487,0.414973347970818,-0.788676364490912,-0.198045834943732,-1.30102999566398,-0.114150747023561
-0.444135214630751,-1.30102999566398,0.477121254719662,0.414973347970818,-0.823908740944319,-0.221848749616356,-1.30102999566398,-0.132648885441437
-0.444135214630751,-1.30102999566398,0.476724457540937,0.414973347970818,-0.816047992736277,-0.210110346345112,-1.30102999566398,-0.199121178042666
-0.427225448231124,-1.30102999566398,0.467181264575265,0.414973347970818,-0.661776231691019,-0.182478057717082,-1.30102999566398,-0.14921259422827
-0.29008426893482,-1.30102999566398,0.475860602217918,0.414973347970818,-0.799434971561118,-0.185636576961912,-1.30102999566398,-0.131426936545607
-0.29008426893482,-1.30102999566398,0.464130846010994,0.414973347970818,-0.622683188451262,-0.185636576961912,-1.30102999566398,-0.149710196347425
-0.431088269788833,-1.30102999566398,0.453318340047038,0.414973347970818,-0.508638306165727,0.170261715394957,-1.30102999566398,0.00474266941671845
-0.30488080829522,-1.30102999566398,0.447158031342219,0.414973347970818,-0.455931955649724,0,-1.30102999566398,-0.0825834687661269
-0.30488080829522,-1.30102999566398,0.423245873936808,0.414973347970818,-0.301029995663981,0,-1.30102999566398,-0.0386673165223246
-0.30488080829522,-1.30102999566398,0.397940008672038,0.414973347970818,-0.187086643357144,0,-1.30102999566398,0.003337681375299
-0.423121394026597,-1.30102999566398,0.443697499232713,0.414973347970818,-0.42919770240248,-0.176091259055681,-1.30102999566398,0.136253511258914
-0.345843110789957,-1.30102999566398,0.406540180433955,0.414973347970818,-0.221848749616356,-0.309803919971486,-1.30102999566398,0.207781486791588
-0.345843110789957,-1.30102999566398,0.369215857410143,0.414973347970818,-0.0915149811213502,-0.309803919971486,-1.30102999566398,0.2363099357444
-0.491531485632957,-1.30102999566398,0.439291205351377,0.414973347970818,-0.397654882620498,0.0215151421377956,-1.30102999566398,-0.20367638434019
-0.288766587246565,-1.30102999566398,0.477918438993142,0.414973347970818,-0.840167652367849,-0.325652470572313,-1.30102999566398,-0.157302147286908
-0.288766587246565,-1.30102999566398,0.442368647360986,0.414973347970818,-0.419407242536936,-0.325652470572313,-1.30102999566398,-0.133317898988115
-0.288766587246565,-1.30102999566398,0.416941750563525,0.414973347970818,-0.269065202052116,-0.325652470572313,-1.30102999566398,-0.0875884332958509
-0.288766587246565,-1.30102999566398,0.403647339946013,0.414973347970818,-0.209764720151348,-0.325652470572313,-1.30102999566398,-0.078771448319395
-0.288766587246565,-1.30102999566398,0.389933081320883,0.414973347970818,-0.157597167113174,-0.325652470572313,-1.30102999566398,-0.0614419538567425
-0.288766587246565,-1.30102999566398,0.375771589219032,0.414973347970818,-0.111029356700601,-0.325652470572313,-1.30102999566398,-0.0403229510255385
-0.288766587246565,-1.30102999566398,0.361132708165776,0.414973347970818,-0.0689748053001201,-0.325652470572313,-1.30102999566398,-0.0238375548367526
-0.288766587246565,-1.30102999566398,0.345983126029816,0.414973347970818,-0.0306354586908553,-0.325652470572313,-1.30102999566398,0.0274476259735129
-0.288766587246565,-1.30102999566398,0.338205438184995,0.414973347970818,-0.012664567130202,-0.325652470572313,-1.30102999566398,0.0647571342364429
-0.524809999568593,-1.30102999566398,0.46686762035411,0.414973347970818,-0.657577319177794,0.176091259055681,-1.30102999566398,-0.0125729092578089
-0.377976320858332,-1.30102999566398,0.456366033129043,0.414973347970818,-0.537602002101044,-0.318758762624413,-1.30102999566398,0.0753997361981157
-0.43190284393659,-0.271066772286538,0.340977439948025,0.256313307198784,-0.791483650989473,-0.332438459915605,-0.0373243230238123,-0.0416008613517245
-0.448145491610821,-0.530996635502517,0.328974869088681,0.26563149739758,-0.584143784285209,-0.227595364066775,-0.135596804790356,-0.150032787520576
-0.448145491610821,-0.530996635502517,0.328974869088681,0.26563149739758,-0.584143784285209,-0.227595364066775,-0.135596804790356,-0.204702899976501
-0.448145491610821,-0.530996635502517,0.340983883816093,0.279811274424052,-0.581849075492515,-0.22475744622353,-0.135596804790356,-0.1838480929244
-0.448145491610821,-0.530996635502517,0.375587957247927,0.322203275314065,-0.560136616426411,-0.19807641798532,-0.135596804790356,-0.117898151692184
-0.448145491610821,-0.530996635502517,0.425497694426421,0.376309073165709,-0.577153446276051,-0.218961246989243,-0.135596804790356,-0.138581306751108
-0.448145491610821,-0.530996635502517,0.420572545825509,0.371060994142413,-0.5747511935028,-0.216001599065684,-0.135596804790356,-0.151200807542344
-0.448145491610821,-0.530996635502517,0.419396261864137,0.36920714645473,-0.579484781053587,-0.221837168275754,-0.135596804790356,-0.10684878193971
-0.469339127515784,-0.286789556549371,0.333155220897212,0.286770787310492,-0.479059579683539,-0.218990392118264,-0.190279999523495,-0.200872613732298
-0.469339127515784,-0.286789556549371,0.343601674741891,0.297573329301782,-0.483908908703915,-0.224705675677477,-0.190279999523495,-0.193339609438381
-0.469339127515784,-0.286789556549371,0.427498749210598,0.38991738450783,-0.483908908703915,-0.224705675677477,-0.190279999523495,-0.233608479279991
-0.469339127515784,-0.286789556549371,0.407830907959265,0.36774510887039,-0.488786584680502,-0.230465952200492,-0.190279999523495,-0.239148735480705
-0.469339127515784,-0.286789556549371,0.418305004801548,0.380221376347436,-0.481441837992206,-0.221796631151358,-0.190279999523495,-0.318898849822229
-0.469339127515784,-0.286789556549371,0.435886286929153,0.400025129765994,-0.476554724673992,-0.216042680698586,-0.190279999523495,-0.363966738366213
-0.444135214630751,-0.642488648383571,0.348026558340205,0.293204658152025,-0.544068044350276,-0.191885526238913,-0.0969100130080564,-0.276080062347464
-0.444135214630751,-0.642488648383571,0.360376996726634,0.3071903043688,-0.544068044350276,-0.191885526238913,-0.0969100130080564,-0.279627867725523
-0.444135214630751,-0.642488648383571,0.401646669709585,0.353559046940166,-0.544068044350276,-0.191885526238913,-0.0969100130080564,-0.254903738748935
-0.298412082401829,-0.642488648383571,0.430678756947724,0.385568245974112,-0.546616592235123,-0.194976603216055,-0.0969100130080564,-0.151850574945058
-0.298412082401829,-0.642488648383571,0.405321962294637,0.357662647378943,-0.544068044350276,-0.191885526238913,-0.0969100130080564,-0.0636565588759712
-0.298412082401829,-0.642488648383571,0.363850232334018,0.310409063718661,-0.549143971762874,-0.198045834943732,-0.0969100130080564,-0.267920126129724
-0.444135214630751,-0.642488648383571,0.391691059395036,0.328088228398017,-0.669006780958576,-0.191885526238913,-0.00546289570150214,-0.220303683304006
-0.444135214630751,-0.642488648383571,0.343830443746597,0.272173255641507,-0.669006780958576,-0.191885526238913,-0.00546289570150214,-0.31874962286006
-0.298412082401829,-0.642488648383571,0.381900347285772,0.316980455793296,-0.666617973528765,-0.18877229081477,-0.00546289570150214,-0.098077029219078
-0.29008426893482,-0.642488648383571,0.395935761760266,0.347505509109254,-0.541498016604085,-0.18877229081477,-0.0969100130080564,-0.121135937147775
-0.29008426893482,-0.642488648383571,0.369745808033441,0.317764953307669,-0.544068044350276,-0.191885526238913,-0.0969100130080564,-0.024231767952046
-0.427225448231124,-0.642488648383571,0.397940008672038,0.34941630186821,-0.544068044350276,-0.191885526238913,-0.0969100130080564,-0.102312873201102
-0.427225448231124,-0.642488648383571,0.364885398416898,0.311235034921292,-0.551650487850362,-0.201093528025737,-0.0969100130080564,-0.254032307680411
-0.427225448231124,-0.642488648383571,0.393417375567918,0.33032616393184,-0.666617973528765,-0.18877229081477,-0.00546289570150214,-0.184901028826894
-0.427225448231124,-0.642488648383571,0.364416974528374,0.296351733386211,-0.669006780958576,-0.191885526238913,-0.00546289570150214,-0.198428490452662
-0.427225448231124,-0.642488648383571,0.422073688388757,0.363074486652865,-0.669006780958576,-0.191885526238913,-0.00546289570150214,-0.197403829691468
-0.29008426893482,-0.642488648383571,0.368419716982048,0.301029995663981,-0.669006780958576,-0.191885526238913,-0.00546289570150214,-0.135762166635015
-0.29008426893482,-0.642488648383571,0.336644216941955,0.263409407888995,-0.671374636316622,-0.194976603216055,-0.00546289570150214,-0.117377926748074
-0.431088269788833,-0.418982611411615,0.401400540781544,0.401400540781544,-0.259637310505756,0.170261715394957,0.03366988441499,-0.227787970328062
-0.431088269788833,-0.418982611411615,0.338456493604605,0.338456493604605,-0.259637310505756,0.170261715394957,0.03366988441499,-0.0861486693363628
-0.431088269788833,-0.418982611411615,0.474216264076255,0.396199347095736,-1.22184874961636,0.170261715394957,0.03366988441499,0.00580124302237171
-0.431088269788833,-0.418982611411615,0.429752280002408,0.342422680822206,-1.22184874961636,0.170261715394957,0.03366988441499,-0.0192312754958379
-0.431088269788833,-0.418982611411615,0.367355921026019,0.264817823009536,-1.22184874961636,0.170261715394957,0.03366988441499,-0.0962401605190804
-0.431088269788833,-0.418982611411615,0.322219294733919,0.20682587603185,-1.22184874961636,0.170261715394957,0.03366988441499,-0.140568641324972
-0.431088269788833,-0.418982611411615,0.389166084364532,0.292256071356476,-1.22184874961636,0.170261715394957,0.03366988441499,-0.0495302440017256
-0.267270036138145,-0.0705810742857073,0.366422957225973,0.290034611362518,-0.756961951313706,-0.0791812460476248,-0.756961951313706,-0.239618280795616
-0.253972267137811,-0.106053392447926,0.380211241711606,0.306425027550687,-0.756961951313706,-0.204119982655925,-0.63485250472427,-0.225544970539024
-0.253972267137811,-0.106053392447926,0.42256248358037,0.356185260565036,-0.756961951313706,-0.204119982655925,-0.63485250472427,-0.198695174195522
-0.498730271751809,-0.368017681239057,0.364863549870451,0.357776084621825,-0.290306130272208,-0.132237975349799,0.162261153155224,-0.160153056693047
-0.498730271751809,-0.368017681239057,0.385457313047408,0.378700650686367,-0.290306130272208,-0.132237975349799,0.162261153155224,-0.253008241701832
-0.905157544607885,-0.356932052151319,0.334956116136852,0.257278487800905,-0.708113383775889,-0.493720516539124,-0.0377885608893998,-0.196447143206816
-0.905157544607885,-0.356932052151319,0.374901024683465,0.304634119932806,-0.708113383775889,-0.493720516539124,-0.0377885608893998,-0.0627159803775539
-0.905157544607885,-0.356932052151319,0.411479407308512,0.34733001531695,-0.708113383775889,-0.493720516539124,-0.0377885608893998,-0.0562223218755243
-0.301558883412848,-0.269375262915878,0.366422957225973,0.329058719264225,-0.445712790468038,-0.290306130272208,0.274927193099776,-0.132418366432618
-0.301558883412848,-0.269375262915878,0.384711742938283,0.348953547981164,-0.445712790468038,-0.290306130272208,0.274927193099776,-0.116341816499702
-0.301558883412848,-0.269375262915878,0.428674625648206,0.396489942276805,-0.445712790468038,-0.290306130272208,0.274927193099776,-0.207128547768123
-0.30488080829522,-0.1249387366083,0.364550995353972,0.355068206348851,-0.301029995663981,0,-0.577926311611243,-0.154966861558677
-0.30488080829522,-0.221848749616356,0.335457900689384,0.355068206348851,-0.187086643357144,0,-0.338101307039564,-0.178121826558067
-0.30488080829522,-0.221848749616356,0.364550995353972,0.355068206348851,-0.301029995663981,0,-0.338101307039564,-0.174967818187402
-0.30488080829522,-0.221848749616356,0.391816923613249,0.355068206348851,-0.455931955649724,0,-0.338101307039564,-0.197899386480175
-0.30488080829522,-0.221848749616356,0.329397879361043,0.28668096935493,-0.455931955649724,0,-0.338101307039564,-0.23733347477033
-0.423121394026597,-0.101457640758777,0.388180171382881,0.355387657986574,-0.42919770240248,-0.176091259055681,-0.660470400983187,-0.0350489443325769
-0.423121394026597,-0.101457640758777,0.322219294733919,0.283803593689471,-0.42919770240248,-0.176091259055681,-0.660470400983187,0.0230547529308498
-0.30488080829522,-0.346787486224656,0.3654879848909,0.356025857193123,-0.301029995663981,0,-0.0969100130080564,-0.184755023435284
-0.431088269788833,-0.418982611411615,0.440909082065218,0.399673721481038,-0.522878745280338,0.170261715394957,0.029549412501063,-0.0554412081348919
-0.431088269788833,-0.418982611411615,0.385606273598312,0.338456493604605,-0.522878745280338,0.170261715394957,0.029549412501063,-0.0911784402837903
-0.431088269788833,-0.418982611411615,0.338456493604605,0.285557309007774,-0.522878745280338,0.170261715394957,0.029549412501063,-0.0466820228112208
-0.491531485632957,-0.259637310505756,0.356585086609519,0.336095698217908,-0.351389325115968,0.0740007335438445,-0.259637310505756,-0.536632955075921
-0.491531485632957,-0.259637310505756,0.35675164931476,0.328441385141936,-0.390932784679204,0.0291883891274822,-0.259637310505756,-0.444342166394743
-0.491531485632957,-0.259637310505756,0.349860082192331,0.287353772714747,-0.602059991327962,-0.221848749616356,-0.259637310505756,-0.39281120190356
-0.491531485632957,-0.259637310505756,0.354108439147401,0.292256071356476,-0.602059991327962,-0.221848749616356,-0.259637310505756,-0.355866290893339
-0.491531485632957,-0.259637310505756,0.372221367549868,0.323509918215414,-0.522878745280338,-0.1249387366083,-0.259637310505756,-0.399442168397888
-0.498152240779472,-0.239339481776692,0.406691053098767,0.360462813856022,-0.533986626534095,-0.239760338925059,-0.346787486224656,-0.130564359473824
-0.498152240779472,-0.239339481776692,0.366525899721977,0.315545370625917,-0.533986626534095,-0.239760338925059,-0.346787486224656,-0.148721613051372
-0.498152240779472,-0.239339481776692,0.336924494922458,0.282111559946552,-0.533986626534095,-0.239760338925059,-0.346787486224656,-0.132004560706392
-0.395063979894543,-0.522878745280338,0.406768816649767,0.332709619824969,-0.823908740944319,-0.698970004336019,-1.30102999566398,0.00138374936581134
-0.395063979894543,-0.522878745280338,0.343408593803857,0.256477206241677,-0.823908740944319,-0.698970004336019,-1.30102999566398,0.0109392416912303
-0.524809999568593,-0.431798275933005,0.378397900948138,0.378397900948138,-0.259637310505756,0.176091259055681,0.0463000196529692,-0.11074511743062
-0.524809999568593,-0.431798275933005,0.394451680826216,0.394451680826216,-0.259637310505756,0.176091259055681,0.0463000196529692,-0.204441437917612
-0.377976320858332,-0.522878745280338,0.369215857410143,0.318063334962762,-0.537602002101044,-0.318758762624413,-0.0377885608893998,0.0183099184124468
-0.377976320858332,-0.522878745280338,0.322219294733919,0.264817823009536,-0.537602002101044,-0.318758762624413,-0.0377885608893998,0.073314298271494
-0.390106915970718,-0.187086643357144,0.369215857410143,0.318063334962762,-0.537602002101044,-0.698970004336019,-0.416423414366051,0.131893981226073
-0.49539330132909,-0.234884487592596,0.368034764666138,0.317360276919639,-0.533146232518474,-0.236992088186956,-0.352676315187759,-0.273744729606897
-0.49539330132909,-0.234884487592596,0.33741260560152,0.282793578754569,-0.533146232518474,-0.236992088186956,-0.352676315187759,-0.16347779096311
-0.49539330132909,-0.234884487592596,0.368034764666138,0.317360276919639,-0.533146232518474,-0.236992088186956,-0.352676315187759,-0.232097052562465
-0.49539330132909,-0.234884487592596,0.33741260560152,0.282793578754569,-0.533146232518474,-0.236992088186956,-0.352676315187759,-0.131229746894307
-0.49539330132909,-0.234884487592596,0.405765346183994,0.358281036322813,-0.543082131368624,-0.249000995659971,-0.352676315187759,-0.155181098824517
-0.49539330132909,-0.234884487592596,0.406462048836748,0.3594699512019,-0.539805848159336,-0.24503480844237,-0.352676315187759,-0.249223859272464
-0.448145491610821,-0.530996635502517,0.27254854213148,0.204119982655925,-0.557593026344139,-0.194970442966948,-0.135596804790356,-0.229577501426907
-0.448145491610821,-0.530996635502517,0.301323905993111,0.23347409211688,-0.584143784285209,-0.227595364066775,-0.135596804790356,-0.08927725738336
-0.448145491610821,-0.530996635502517,0.278451603668314,0.207751662369894,-0.577153446276051,-0.218961246989243,-0.135596804790356,-0.295660784787027
-0.448145491610821,-0.530996635502517,0.285536919240452,0.216849290157498,-0.572382208093132,-0.213086642684994,-0.135596804790356,-0.0131711496915062
-0.448145491610821,-0.530996635502517,0.287083331616838,0.218660132519965,-0.572382208093132,-0.213086642684994,-0.135596804790356,-0.0799762335366405
-0.448145491610821,-0.530996635502517,0.286829575449312,0.218759243321661,-0.569940928121668,-0.210086548735204,-0.135596804790356,-0.186626680157645
-0.448145491610821,-0.530996635502517,0.295017403451287,0.227181555504375,-0.577153446276051,-0.218961246989243,-0.135596804790356,-0.120980297405688
-0.448145491610821,-0.530996635502517,0.296296407935112,0.229052945778511,-0.5747511935028,-0.216001599065684,-0.135596804790356,-0.109505442195731
-0.448145491610821,-0.530996635502517,0.311414061306668,0.244242871798875,-0.590972008133122,-0.236061168828257,-0.135596804790356,-0.141270002703049
-0.448145491610821,-0.530996635502517,0.316677359830156,0.252054468112507,-0.579484781053587,-0.221837168275754,-0.135596804790356,-0.0251961277397739
-0.469339127515784,-0.286789556549371,0.29610080489048,0.246287502064111,-0.474030177742521,-0.213074825308851,-0.190279999523495,-0.114382169166325
-0.469339127515784,-0.286789556549371,0.293548147719037,0.242464112721186,-0.479059579683539,-0.218990392118264,-0.190279999523495,-0.0710194435661269
-0.469339127515784,-0.286789556549371,0.305220460739248,0.255571615361564,-0.479059579683539,-0.218990392118264,-0.190279999523495,-0.0979560648791402
-0.469339127515784,-0.286789556549371,0.312633984876877,0.262132418956502,-0.488786584680502,-0.230465952200492,-0.190279999523495,-0.18283071513365
-0.469339127515784,-0.286789556549371,0.315226998420035,0.266774556248241,-0.479059579683539,-0.218990392118264,-0.190279999523495,-0.187350016184293
-0.367062818362251,-0.642488648383571,0.290034611362518,0.226783967291869,-0.544068044350276,-0.191885526238913,-0.0969100130080564,-0.288985101845025
-0.444135214630751,-0.642488648383571,0.272173255641507,0.206054482433124,-0.544068044350276,-0.191885526238913,-0.0969100130080564,-0.821586956474054
-0.367062818362251,-0.642488648383571,0.286564863357205,0.220649040339893,-0.556602117531087,-0.20712549279565,-0.0969100130080564,-0.197462607239702
-0.367062818362251,-0.642488648383571,0.302578284226842,0.223087821731905,-0.669006780958576,-0.191885526238913,-0.00546289570150214,-0.220930564094809
-0.367062818362251,-0.642488648383571,0.302578284226842,0.223087821731905,-0.669006780958576,-0.191885526238913,-0.00546289570150214,-0.244693065870469
-0.298412082401829,-0.642488648383571,0.304252121067556,0.224795627636532,-0.671374636316622,-0.194976603216055,-0.00546289570150214,-0.119286387737679
-0.298412082401829,-0.642488648383571,0.302578284226842,0.223087821731905,-0.669006780958576,-0.191885526238913,-0.00546289570150214,-0.163453690082127
-0.427225448231124,-0.642488648383571,0.302578284226842,0.223087821731905,-0.669006780958576,-0.191885526238913,-0.00546289570150214,-0.204703970633808
-0.29008426893482,-0.642488648383571,0.299641732952061,0.219253725784982,-0.671374636316622,-0.194976603216055,-0.00546289570150214,-0.181591812989822
-0.29008426893482,-0.642488648383571,0.307298745149883,0.228451326678943,-0.671374636316622,-0.194976603216055,-0.00546289570150214,-0.33491082486784
-0.431088269788833,-0.418982611411615,0.262451089730429,0.262451089730429,-0.259637310505756,0.170261715394957,0.03366988441499,0.0478697376711981
-0.431088269788833,-0.418982611411615,0.204119982655925,0.204119982655925,-0.259637310505756,0.170261715394957,0.03366988441499,0.0979102631583347
-0.267270036138145,-0.0705810742857073,0.295567099962479,0.204119982655925,-0.756961951313706,-0.0791812460476248,-0.756961951313706,-0.127567930188489
-0.267270036138145,-0.0705810742857073,0.313515707212041,0.226170123398999,-0.756961951313706,-0.0791812460476248,-0.756961951313706,-0.176871128033582
-0.498730271751809,-0.368017681239057,0.249198357391113,0.239924813262152,-0.290306130272208,-0.132237975349799,0.162261153155224,-0.266099073305742
-0.498730271751809,-0.368017681239057,0.321356743344321,0.313515707212041,-0.290306130272208,-0.132237975349799,0.162261153155224,-0.150561459756427
-0.905157544607885,-0.356932052151319,0.300124271702957,0.215284980113968,-0.708113383775889,-0.493720516539124,-0.0377885608893998,-0.0184484338651725
-0.301558883412848,-0.269375262915878,0.255272505103306,0.206376062960149,-0.445712790468038,-0.290306130272208,0.274927193099776,-0.260709569912526
-0.301558883412848,-0.269375262915878,0.268148769269326,0.220761653975142,-0.445712790468038,-0.290306130272208,0.274927193099776,-0.192884281563477
-0.301558883412848,-0.269375262915878,0.288174674978394,0.243038048686294,-0.445712790468038,-0.290306130272208,0.274927193099776,-0.127046787630304
-0.301558883412848,-0.269375262915878,0.316145147021726,0.273965300166355,-0.445712790468038,-0.290306130272208,0.274927193099776,-0.215148914286073
-0.301558883412848,-0.269375262915878,0.305530496890658,0.262253278530515,-0.445712790468038,-0.290306130272208,0.274927193099776,-0.110168668307455
-0.30488080829522,-0.0457574905606751,0.263636068588108,0.28668096935493,-0.187086643357144,0,-0.859381059106538,-0.137677932492567
-0.30488080829522,-0.0457574905606751,0.190331698170292,0.217483944213906,-0.187086643357144,0,-0.859381059106538,-0.0622417422830897
-0.30488080829522,-0.0457574905606751,0.176091259055681,0.204119982655925,-0.187086643357144,0,-0.859381059106538,-0.0444537671218821
-0.30488080829522,-0.0457574905606751,0.297760511099134,0.28668096935493,-0.301029995663981,0,-0.859381059106538,-0.158907265877006
-0.30488080829522,-0.0457574905606751,0.230448921378274,0.217483944213906,-0.301029995663981,0,-0.859381059106538,-0.148530653499288
-0.30488080829522,-0.0457574905606751,0.217483944213906,0.204119982655925,-0.301029995663981,0,-0.859381059106538,0.0157892833778134
-0.30488080829522,-0.1249387366083,0.297760511099134,0.28668096935493,-0.301029995663981,0,-0.577926311611243,-0.158777705815122
-0.30488080829522,-0.1249387366083,0.230448921378274,0.217483944213906,-0.301029995663981,0,-0.577926311611243,-0.119614960206007
-0.30488080829522,-0.1249387366083,0.217483944213906,0.204119982655925,-0.301029995663981,0,-0.577926311611243,0.0412796010052185
-0.30488080829522,-0.221848749616356,0.263636068588108,0.28668096935493,-0.187086643357144,0,-0.338101307039564,-0.161929435736571
-0.30488080829522,-0.221848749616356,0.226599905207357,0.251638220448212,-0.187086643357144,0,-0.338101307039564,0.0122874599530244
-0.30488080829522,-0.221848749616356,0.176091259055681,0.204119982655925,-0.187086643357144,0,-0.338101307039564,-0.244585873429459
-0.30488080829522,-0.221848749616356,0.263636068588108,0.251638220448212,-0.301029995663981,0,-0.338101307039564,-0.0935624791298486
-0.30488080829522,-0.221848749616356,0.230448921378274,0.217483944213906,-0.301029995663981,0,-0.338101307039564,-0.239476561581503
-0.30488080829522,-0.221848749616356,0.217483944213906,0.204119982655925,-0.301029995663981,0,-0.338101307039564,-0.248854167183616
-0.30488080829522,-0.221848749616356,0.297760511099134,0.251638220448212,-0.455931955649724,0,-0.338101307039564,-0.00615709573136267
-0.30488080829522,-0.221848749616356,0.267171728403014,0.217483944213906,-0.455931955649724,0,-0.338101307039564,-0.0255052704966506
-0.423121394026597,-0.101457640758777,0.287552921855874,0.245786757114445,-0.42919770240248,-0.176091259055681,-0.660470400983187,0.159054099562683
-0.423121394026597,-0.101457640758777,0.2498774732166,0.204119982655925,-0.42919770240248,-0.176091259055681,-0.660470400983187,0.0577894459350394
-0.30488080829522,-0.346787486224656,0.296665190261531,0.285557309007774,-0.301029995663981,0,-0.0969100130080564,-0.317606513994053
-0.30488080829522,-0.346787486224656,0.264817823009536,0.252853030979893,-0.301029995663981,0,-0.0969100130080564,-0.235942046863841
-0.30488080829522,-0.346787486224656,0.217483944213906,0.204119982655925,-0.301029995663981,0,-0.0969100130080564,-1.2207388640796
-0.431088269788833,-0.418982611411615,0.285557309007774,0.285557309007774,-0.259637310505756,0.170261715394957,0.029549412501063,0.0758365577323881
-0.431088269788833,-0.418982611411615,0.320146286111054,0.264817823009536,-0.522878745280338,0.170261715394957,0.029549412501063,0.0376495864510788
-0.431088269788833,-0.418982611411615,0.267171728403014,0.204119982655925,-0.522878745280338,0.170261715394957,0.029549412501063,0.149577258334269
-0.345843110789957,0.0211892990699381,0.307496037913213,0.416640507338281,0.0492180226701817,-0.309803919971486,-0.595026728596759,0.0597114625776947
-0.345843110789957,0.0211892990699381,0.267171728403014,0.416640507338281,0.113943352306837,-0.309803919971486,-0.595026728596759,0.0792607720120557
-0.345843110789957,0.0211892990699381,0.204119982655925,0.416640507338281,0.190331698170292,-0.309803919971486,-0.595026728596759,0.034753420039079
-0.423121394026597,-0.101457640758777,0.287552921855874,0.245786757114445,-0.42919770240248,-0.176091259055681,-0.649447106622145,0.0570163068105857
-0.491531485632957,-0.259637310505756,0.235379469873328,0.204119982655925,-0.365936146797573,0.0575785300193826,-0.259637310505756,-0.389187587040858
-0.491531485632957,-0.259637310505756,0.302448266751039,0.27424419869868,-0.372806486289096,0.0497974683624152,-0.259637310505756,-0.417344244109262
-0.491531485632957,-0.259637310505756,0.278753600952829,0.204119982655925,-0.602059991327962,-0.221848749616356,-0.259637310505756,-0.42394613449388
-0.491531485632957,-0.259637310505756,0.133302300093102,0.204119982655925,-0.101965884797945,0.346787486224656,-0.259637310505756,-0.260818728168816
-0.524809999568593,-0.259637310505756,0.113943352306837,0.204119982655925,-0.0705810742857073,0.380211241711606,-0.259637310505756,-0.135619961756777
-0.524809999568593,-0.259637310505756,0.137584262134944,0.204119982655925,-0.109426570430052,0.338818556553381,-0.259637310505756,-0.0598925978854095
-0.524809999568593,-0.259637310505756,0.194976603216055,0.204119982655925,-0.234083206033368,0.204119982655925,-0.259637310505756,-0.25909974319271
-0.524809999568593,-0.259637310505756,0.218943758972949,0.204119982655925,-0.305882498458393,0.1249387366083,-0.259637310505756,-0.383676825001042
-0.524809999568593,-0.259637310505756,0.235287907171739,0.204119982655925,-0.365570715528716,0.0579919469776867,-0.259637310505756,-0.216473775096043
-0.524809999568593,-0.259637310505756,0.212030847686175,0.204119982655925,-0.283505650680448,0.149762320333332,-0.259637310505756,-0.183722085784351
-0.524809999568593,-0.259637310505756,-0.173000182078539,0.204119982655925,0.16984230977868,0.632023214705406,-0.259637310505756,-0.298952456601788
-0.524809999568593,-0.259637310505756,0.149325310108386,0.204119982655925,-0.130970701378213,0.315753252484688,-0.259637310505756,-0.0635871645622894
-0.524809999568593,-0.259637310505756,0.175655657733402,0.204119982655925,-0.18608307391715,0.25635960074452,-0.259637310505756,-0.159038012251962
-0.524809999568593,-0.259637310505756,0.137584262134944,0.204119982655925,-0.109426570430052,0.338818556553381,-0.259637310505756,0.00583572678628062
-0.524809999568593,-0.259637310505756,0.128813660251077,0.204119982655925,-0.0943568340972472,0.354905376446836,-0.259637310505756,-0.0766003943741451
-0.524809999568593,-0.259637310505756,0.237953116407125,0.204119982655925,-0.376367902629846,0.0457574905606751,-0.259637310505756,0.00646039031198085
-0.288766587246565,0.0211892990699381,0.321404330182699,0.414973347970818,0.0228146545669946,-0.325652470572313,-1.30102999566398,-0.228485886327154
-0.288766587246565,0.0211892990699381,0.314000001683924,0.414973347970818,0.0371754425210139,-0.325652470572313,-1.30102999566398,-0.205294590154704
-0.288766587246565,0.0211892990699381,0.305622147715487,0.414973347970818,0.0525939763265465,-0.325652470572313,-1.30102999566398,-0.195541611181477
-0.288766587246565,0.0211892990699381,0.297079494592406,0.414973347970818,0.0674838296969038,-0.325652470572313,-1.30102999566398,-0.179523714258714
-0.288766587246565,0.0211892990699381,0.279472929451693,0.414973347970818,0.0958143467519739,-0.325652470572313,-1.30102999566398,-0.176354749515901
-0.288766587246565,0.0211892990699381,0.270394536973126,0.414973347970818,0.109315417855499,-0.325652470572313,-1.30102999566398,-0.173197086374624
-0.288766587246565,0.0211892990699381,0.261122312834019,0.414973347970818,0.122409399768151,-0.325652470572313,-1.30102999566398,-0.145270860865663
-0.288766587246565,0.0211892990699381,0.251647799170561,0.414973347970818,0.135120125036459,-0.325652470572313,-1.30102999566398,-0.157574891085078
-0.288766587246565,0.0211892990699381,0.241961972158531,0.414973347970818,0.147469392718416,-0.325652470572313,-1.30102999566398,-0.130123636773041
-0.288766587246565,0.0211892990699381,0.232055190363861,0.414973347970818,0.159477193340665,-0.325652470572313,-1.30102999566398,-0.160677498240061
-0.288766587246565,0.0211892990699381,0.211536755671331,0.414973347970818,0.182540455453127,-0.325652470572313,-1.30102999566398,-0.182704080582247
-0.288766587246565,0.0211892990699381,0.178818391922106,0.414973347970818,0.21498978383734,-0.325652470572313,-1.30102999566398,-0.163790927410899
-0.498152240779472,-0.239339481776692,0.321891101123256,0.265015543687193,-0.533986626534095,-0.239760338925059,-0.346787486224656,-0.131737242505192
-0.498152240779472,-0.239339481776692,0.295067048690304,0.234302491310384,-0.533986626534095,-0.239760338925059,-0.346787486224656,-0.01617283552101
-0.498152240779472,-0.239339481776692,0.268946534640528,0.204119982655925,-0.533986626534095,-0.239760338925059,-0.346787486224656,0.0721537283882894
-0.395063979894543,-0.522878745280338,0.301029995663981,0.204119982655925,-0.823908740944319,-0.698970004336019,0.234685974321529,-0.240802190101016
-0.395063979894543,-0.522878745280338,0.322039567513998,0.230226894589299,-0.823908740944319,-0.698970004336019,-1.30102999566398,0.17675497371705
-0.395063979894543,-0.522878745280338,0.316488745909121,0.223358947569463,-0.823908740944319,-0.698970004336019,-1.30102999566398,0.274806501235266
-0.395063979894543,-0.522878745280338,0.301029995663981,0.204119982655925,-0.823908740944319,-0.698970004336019,-1.30102999566398,0.328297368432876
-0.524809999568593,-0.431798275933005,0.204119982655925,0.204119982655925,-0.259637310505756,0.176091259055681,0.0463000196529692,0.179987718219156
-0.377976320858332,-0.522878745280338,0.296665190261531,0.235528446907549,-0.537602002101044,-0.318758762624413,-0.0377885608893998,0.235780835818008
-0.377976320858332,-0.522878745280338,0.269512944217916,0.204119982655925,-0.537602002101044,-0.318758762624413,-0.0377885608893998,0.147940424926456
-0.390106915970718,-0.187086643357144,0.296665190261531,0.235528446907549,-0.537602002101044,-0.698970004336019,-0.416423414366051,0.272083535423541
-0.448145491610821,-0.530996635502517,0.231972924826046,0.0887831360744133,-1.14965747855541,-0.172868770884303,-0.135596804790356,-0.0509605540830799
-0.448145491610821,-0.530996635502517,0.27024280041873,0.196910229204373,-0.584143784285209,-0.227595364066775,-0.135596804790356,-0.532678068686378
-0.469339127515784,-0.286789556549371,0.154703678939299,0.0279755128817011,-0.724420009720868,-0.221796631151358,-0.190279999523495,-0.174433167279685
-0.469339127515784,-0.286789556549371,0.15606616776253,0.00168798734060582,-0.915465981063933,-0.224705675677477,-0.190279999523495,-0.189337271318798
-0.469339127515784,-0.286789556549371,0.243356799459745,0.184010875192105,-0.486357072610499,-0.227595364066775,-0.190279999523495,-0.130810755804104
-0.469339127515784,-0.286789556549371,0.189233084520036,0.123803454597513,-0.476554724673992,-0.216042680698586,-0.190279999523495,-0.364748108610299
-0.469339127515784,-0.286789556549371,0.217895489423658,0.158739756762295,-0.468920897194394,-0.207077568001748,-0.190279999523495,-0.248487435551821
-1.30102999566398,-0.642488648383571,0.259509558046561,0.139693925672828,-0.951695320425445,-0.179296398930893,-0.0969100130080564,-0.0873923617272005
-0.367062818362251,-0.642488648383571,0.26279946096017,0.160214496956843,-0.783345126000147,-0.201093528025737,-0.0969100130080564,-0.130917670668601
-0.367062818362251,-0.642488648383571,0.261432813808125,0.167739184690915,-0.70837747285785,-0.191885526238913,-0.00546289570150214,-0.196246726207912
-0.431088269788833,-0.418982611411615,0.184691430817599,0.184691430817599,-0.259637310505756,0.170261715394957,0.03366988441499,0.0234317178062699
-0.431088269788833,-0.418982611411615,0.167317334748176,0.167317334748176,-0.259637310505756,0.170261715394957,0.03366988441499,-0.0458034678792815
-0.431088269788833,-0.418982611411615,0.0530784434834198,0.0530784434834198,-0.259637310505756,0.170261715394957,0.03366988441499,-0.228773036224794
-0.431088269788833,-0.418982611411615,-0.0343280287798932,-0.301029995663981,-0.899629454882437,0.170261715394957,0.03366988441499,0.0130868035136302
-0.431088269788833,-0.418982611411615,0.301029995663981,0.178976947293169,-1.22184874961636,0.170261715394957,0.03366988441499,-0.0348305185963857
-0.431088269788833,-0.418982611411615,0.290034611362518,0.164352855784437,-1.22184874961636,0.170261715394957,0.03366988441499,-0.0910081493938771
-0.431088269788833,-0.418982611411615,0.201397124320452,0.0413926851582251,-1.22184874961636,0.170261715394957,0.03366988441499,-0.292845645968364
-0.431088269788833,-0.418982611411615,0.262451089730429,0.127104798364808,-1.22184874961636,0.170261715394957,0.03366988441499,-0.415428763221899
-0.267270036138145,-0.0705810742857073,-0.139661993429006,-0.455931955649725,-0.756961951313706,-0.0791812460476248,-0.756961951313706,0.08909350952696
-0.267270036138145,-0.0705810742857073,0.240965040063429,0.135662602000073,-0.756961951313706,-0.0791812460476248,-0.756961951313706,-0.0386147033573653
-0.267270036138145,-0.0705810742857073,0.275886960301226,0.179695383324507,-0.756961951313706,-0.0791812460476248,-0.756961951313706,-0.112607299276449
-0.253972267137811,-0.106053392447926,0.00717858462712338,-0.192690520875143,-0.756961951313706,-0.204119982655925,-0.63485250472427,0.0285222407804896
-0.253972267137811,-0.106053392447926,0.204119982655925,0.0881360887005513,-0.756961951313706,-0.204119982655925,-0.63485250472427,-0.0514405795045846
-0.253972267137811,-0.106053392447926,0.253257213867981,0.151267675330649,-0.756961951313706,-0.204119982655925,-0.63485250472427,-0.0267499182783217
-0.253972267137811,-0.106053392447926,0.288174674978394,0.194976603216055,-0.756961951313706,-0.204119982655925,-0.63485250472427,-0.08251610122961
-0.498730271751809,-0.368017681239057,0.155336037465062,0.00717858462712338,-0.864337397999927,-0.132237975349799,0.162261153155224,-0.020839391071608
-0.498730271751809,-0.368017681239057,0.155336037465062,0.0731070983354317,-0.518079862398569,-0.132237975349799,0.162261153155224,-0.173417321280629
-0.498730271751809,-0.368017681239057,0.162614185247574,0.151267675330649,-0.290306130272208,-0.132237975349799,0.162261153155224,-0.455203124897729
-0.498730271751809,-0.368017681239057,0.202987532257017,0.192660360488874,-0.290306130272208,-0.132237975349799,0.162261153155224,-0.50525709335604
-0.905157544607885,-0.356932052151319,0.255272505103306,0.138302698166281,-0.903089986991944,-0.493720516539124,-0.0377885608893998,-0.060813436212199
-0.905157544607885,-0.356932052151319,0.269123617000536,0.177295960194052,-0.708113383775889,-0.493720516539124,-0.0377885608893998,-0.13089542961456
-0.905157544607885,-0.356932052151319,0.277800154945506,0.187990482355389,-0.708113383775889,-0.493720516539124,-0.0377885608893998,-0.060813436212199
-0.301558883412848,-0.269375262915878,0.176091259055681,0.024622474908332,-0.965237893740788,-0.290306130272208,0.274927193099776,-0.0444228765551803
-0.301558883412848,-0.269375262915878,0.176091259055681,0.102662341897148,-0.499397649430815,-0.290306130272208,0.274927193099776,-0.124158171705536
-0.301558883412848,-0.269375262915878,0.23257261500813,0.18089014193745,-0.445712790468038,-0.290306130272208,0.274927193099776,-0.272576878184772
-0.30488080829522,-0.0457574905606751,9.64327466553287E-17,0.0413926851582251,-0.187086643357144,0,-0.859381059106538,-0.0304521027000674
-0.30488080829522,-0.0457574905606751,-1.22184874961636,-0.999999999999999,-0.229147988357856,0,-0.859381059106538,0.00240209350235543
-0.30488080829522,-0.0457574905606751,0.150756439860309,0.135132651376775,-0.301029995663981,0,-0.859381059106538,-0.0759343396995357
-0.30488080829522,-0.1249387366083,0.150756439860309,0.135132651376775,-0.301029995663981,0,-0.577926311611243,-0.154617728770984
-0.30488080829522,-0.1249387366083,0.0606978403536117,0.0413926851582251,-0.301029995663981,0,-0.577926311611243,-0.0818776306523391
-0.30488080829522,-0.221848749616356,0.0969100130080565,0.130333768495006,-0.187086643357144,0,-0.338101307039564,-0.288238493851004
-0.30488080829522,-0.221848749616356,9.64327466553287E-17,0.0413926851582251,-0.187086643357144,0,-0.338101307039564,-0.106581286040053
-0.30488080829522,-0.346787486224656,0.0569048513364726,0.0170333392987804,-0.346787486224656,0,-0.0969100130080564,-0.117634577923088
-0.431088269788833,-0.418982611411615,0.130333768495006,0.130333768495006,-0.259637310505756,0.170261715394957,0.029549412501063,-0.100320809973474
-0.431088269788833,-0.418982611411615,0.247973266361807,0.181843587944773,-0.522878745280338,0.170261715394957,0.029549412501063,0.029689138973693
-0.431088269788833,-0.418982611411615,0.204119982655925,0.130333768495006,-0.522878745280338,0.170261715394957,0.029549412501063,-0.141913724386312
-0.431088269788833,-0.418982611411615,0.130333768495006,0.0413926851582251,-0.522878745280338,0.170261715394957,0.029549412501063,-0.280960113687816
-0.491531485632957,-0.259637310505756,-0.0813219145834569,-0.00275008256252517,-0.146027048703733,0.2995847547898,-0.259637310505756,-0.46168364765218
-0.491531485632957,-0.259637310505756,0.00166715936746299,0.104854645804901,-0.0865937445320802,0.363177902412826,-0.259637310505756,-0.639220894071427
-0.491531485632957,-0.259637310505756,0.0746546847023752,0.153779751397758,-0.103844750713748,0.344781503527058,-0.259637310505756,-0.410981814506291
-0.498152240779472,-0.239339481776692,0.145809728793326,0.0574373043975975,-0.533986626534095,-0.239760338925059,-0.346787486224656,-0.100552346272074
-0.498152240779472,-0.239339481776692,0.137584262134944,-0.0164037858051303,-0.853233257638952,-0.239760338925059,-0.346787486224656,-0.00473102647361227
-0.395063979894543,-0.522878745280338,0.296665190261531,0.190066034004244,-0.924262820232534,-0.698970004336019,-1.30102999566398,0.0274386939242041
-0.524809999568593,-0.431798275933005,-0.0231916626619337,-0.229147988357856,-0.716698771296451,0.176091259055681,0.0463000196529692,0.0196553103538597
-0.524809999568593,-0.431798275933005,0.0334237554869498,0.0334237554869497,-0.259637310505756,0.176091259055681,0.0463000196529692,-0.0166418716289895
-0.524809999568593,-0.431798275933005,0.130333768495006,0.130333768495006,-0.259637310505756,0.176091259055681,0.0463000196529692,0.17559264164993
-0.524809999568593,-0.431798275933005,0.164352855784437,0.164352855784437,-0.259637310505756,0.176091259055681,0.0463000196529692,0.197398973095685
-0.377976320858332,-0.522878745280338,0.258158193340794,0.133538908370218,-1.00877392430751,-0.318758762624413,-0.0377885608893998,0.00849504439658435
-0.390106915970718,-0.187086643357144,0.258158193340794,0.133538908370218,-1.00877392430751,-0.698970004336019,-0.416423414366051,0.024320386571736