500
500
500
-500
-296.6179
-33.67402
-75.94948
105.5133
-500
-253.0426
-173.1354
6.793241
-14.27505
0.2140588
127.4008
117.1384
4.57815
-0.5997519
-34.57695
-86.54284
-62.64436
0.3983339
-7.738518
170.9623
39.67605
-500
-228.055
115.7596
24.24363
12.79224
-37.93146
-41.99462
-475.5686
-30.18134
-500
500
500
16.29124
-128.0166
387.1085
-9.013081
-100.4322
-9.080641
-17.26681
-500
88.75288
3.126664
21.2351
3.992617
-496.8845
250.1055
-64.71123
30.78507
-4.062015
9.655028
61.40378
26.93853
-391.3467
-22.85826
32.02615
117.3431
-470.575
9.81151
156.482
150.9026
310.4711
78.91207
-500
11.65225
-1.438482
-228.8917
-3.921659
-500
500
388.8925
-500
347.1272
-500
500
500
-289.701
500
38.3461
404.795
-500
-35.97758
-57.14198
-218.5835
288.7581
13.8191
-500
-416.6761
-3.286118
500
-189.5323
129.815
-500
500
-1.773962
64.8901
-500
500
-482.3411
500
-292.8253
500
-239.9698
285.497
-444.8623
500
-81.15453
500
-71.91719
-182.0981
143.5421
500
267.6998
500
12.885
3.253699
-418.7556
-77.30579
-34.36767
-372.186
-45.57168
-26.02834
-379.2955
-500
-331.1798
500
-0.933203
-110.6108
500
500
-11.44459
-0.3186107
-4.379141
-500
355.4441
-10.12148
169.099
500
264.777
-89.14307
500
-141.753
9.523787
101.17
-500
304.0587
-273.1322
-4.083713
41.68206
95.55301
-20.68966
-6.660343
500
313.2104
106.7728
-500
2.220927
-4.624303
-2.456617
67.6283
-84.15792
-1.641587
-1.334863
19.08255
-201.3906
-4.212319
38.0699
-2.915979
0.6541819
-62.6826
0.5320522
92.22124
-13.84301
5.256053
53.73985
-397.847
2.799665
-2.443942
-7.92241
-121.3516
83.24808
-500
6.170053
-50.86297
126.4804
-12.02925
-2.635781
