1
2
3
4
5
6
7
9
11
12
14
15
17
18
19
20
22
23
24
25
26
31
32
33
34
36
37
38
41
44
47
49
50
51
53
58
59
62
64
65
66
67
68
69
71
72
73
74
76
78
79
80
82
83
85
86
87
88
89
91
93
94
96
98
100
101
103
104
105
106
108
109
110
113
114
115
117
118
119
120
121
125
127
128
129
131
132
135
136
138
140
141
145
147
148
150
151
152
155
156
157
158
160
161
162
163
164
165
166
168
169
170
171
172
173
175
176
177
178
180
181
182
183
184
185
186
187
189
190
191
192
194
195
197
198
203
208
210
212
213
214
215
216
217
218
219
220
221
222
223
224
228
229
230
233
234
235
236
237
238
239
241
242
244
245
246
249
250
251
253
254
256
257
258
260
261
262
263
264
265
268
269
270
271
272
273
274
275
276
278
279
