500
500
500
-500
-306.8169
-17.99352
-78.0002
124.4914
-500
-269.9854
-187.935
5.7721
-1.891133
122.1024
118.9274
-5.271986
-21.90489
-112.9393
-48.75681
-6.678792
215.1895
249.6745
-500
-500
500
84.37741
500
-490.9316
-163.0333
-500
-35.72189
-500
500
500
-293.0359
241.4573
-110.3019
-115.2304
382.9186
-11.72636
-61.16551
-14.88153
-17.5063
-500
93.41709
49.31705
-2.441181
-4.385986
-441.488
251.8988
-83.16348
130.9543
-29.73726
23.48925
94.71409
35.67747
-446.2418
-28.79676
-167.7733
16.08643
92.06059
-473.8527
-116.8514
138.4714
-454.809
79.2627
166.1643
452.0015
31.23153
-500
-79.49298
-4.854168
-3.783458
-500
500
441.9977
-500
69.17203
-500
500
500
500
14.92792
487.6513
-500
-133.4224
79.42352
-500
348.8262
125.1249
-500
-462.4409
-78.37152
24.96036
500
-301.7853
-500
500
-14.6438
51.19631
-500
500
-498.7511
500
-332.3169
500
-136.9149
328.0893
-500
500
500
-278.4202
-291.9562
353.4029
-112.2925
500
293.4944
500
34.33328
11.91041
-9.518577
-64.89048
-500
-57.07949
-6.379034
-403.1081
-88.6306
-500
-337.5752
500
-1.594191
-26.55781
500
500
-28.81262
-5.741339
-13.3649
-351.3382
500
-500
365.666
500
500
-40.26237
500
-132.7898
8.354067
46.48674
-500
-30.6255
-70.44654
-2.281684
106.8235
-19.02938
-4.596757
500
312.0612
115.9794
-500
3.82807
53.76597
-122.694
-3.811584
-57.00469
260.2866
-193.6772
-60.75023
142.848
9.868056
74.41418
-299.8256
-66.68104
184.0765
-3.878857
-38.8777
25.22262
0.0235846
93.95486
-420.232
7.666618
-21.36067
-90.32161
73.88715
-500
2.858021
-58.04779
86.52761
148.3703
-4.655116
