-0.4882195 -1.574741 1.801196 1.457313 -0.6195927 -0.4375602 -0.4882195
-1.574741 1.951502 1.457313 -0.8749427 -0.4194449 -0.4882195 -1.574741
1.922003 1.457313 -0.824828 -0.4895842 -0.4882195 -1.574741 1.851837
1.457313 -0.7056257 -0.5297722 -0.6214614 -1.574741 1.775094 1.457313
-0.5752499 -0.4894678 -0.6214614 -1.574741 2.006026 1.457313 -0.9675711
-0.522123 -0.6214614 -1.574741 2.123016 1.457313 -1.166321 -0.4894678
0.9549185 -1.574741 1.923275 1.457313 -0.8269886 -0.4193521 -0.3638749
-1.574741 1.943219 1.457313 -0.8608703 -0.4554474 -0.3112913 -1.574741
1.812466 1.457313 -0.638739 -0.3712691 0.937163 -1.574741 1.771274
1.457313 -0.5687594 -0.3811644 -0.56047 -1.574741 1.627573 1.457313
-0.3246319 1.339624 0.6116503 -1.574741 1.246214 1.457313 0.3232449
0.3418559 1.233654 -1.574741 1.502684 1.457313 -0.1124617 -0.3510386
1.93421 -1.574741 1.045499 1.457313 0.6642327 -0.7182727 1.64368
-1.574741 1.959781 1.457313 -0.889007 -0.7547724 1.64368 -1.574741
1.48565 1.457313 -0.08352402 -0.7547724 1.64368 -1.574741 1.169563
1.457313 0.4534646 -0.7547724 1.64368 -1.574741 1.011519 1.457313
0.721959 -0.7547724 -1.100524 -1.574741 1.808217 1.457313 -0.631521
1.381198 -0.05585453 -1.574741 1.667716 1.457313 -0.3928295 -0.7390595
-0.4810822 0.2960243 0.3283246 -0.1631405 -0.8305627 -0.7699981 -0.4882195
-0.6332446 0.2083579 -0.08344653 -0.4933217 -0.506012 -0.4882195 -0.6332446
0.3283899 0.04115502 -0.4886154 -0.4979428 -0.4882195 -0.6332446 0.6934164
0.4388746 -0.4428311 -0.4194449 -0.4882195 -0.6332446 1.199275 0.9277117
-0.4837402 -0.4895842 -0.6214614 0.222661 1.298556 1.160468 -0.2626945
-0.4977951 -0.6214614 0.222661 1.186044 1.050115 -0.2563198 -0.4894678
-0.6214614 0.222661 1.403301 1.278161 -0.2435844 -0.4728316 -0.3638749
-0.8900163 0.9881514 0.7590635 -0.4074433 -0.4005311 0.9549185 -0.8900163
1.338031 1.110665 -0.4131437 -0.4100083 0.9549185 -0.8900163 0.566326
0.3242964 -0.4187638 -0.4193521 0.937163 -0.8900163 0.6297311 0.3953917
-0.4074433 -0.4005311 -0.3112913 -0.8900163 0.945141 0.7154229 -0.4074433
-0.4005311 -0.3112913 -0.8900163 0.5773967 0.3322196 -0.4243053 -0.4285653
-0.2902288 -0.8900163 0.5723838 0.1917355 -0.651006 -0.4005311 -0.2902288
-0.8900163 1.231877 0.8608916 -0.651006 -0.4005311 0.9653571 -0.8900163
0.6153943 0.2353761 -0.651006 -0.4005311 0.9653571 -0.8900163 0.2846307
-0.1026065 -0.654979 -0.4100083 -0.56047 -0.2995571 0.9852841 1.294388
0.4937388 1.339624 -0.56047 -0.2995571 0.3028517 0.6019573 0.4937388
1.339624 -0.56047 -0.2995571 1.908575 1.233292 -1.177101 1.339624
-0.56047 -0.2995571 1.3265 0.6426886 -1.177101 1.339624 -0.56047
-0.2995571 0.1422794 -0.5588831 -1.177101 1.339624 -0.56047 -0.2995571
0.8447833 0.1539136 -1.177101 1.339624 1.00146 1.506519 0.593889
0.133548 -0.7849655 -0.004591329 1.147561 1.249748 0.7444256 0.2862902
-0.7849655 -0.4376504 -0.8705861 -0.1167999 0.8029676 1.03303 0.3658684
-0.2037985 -2.248698 -0.07412709 0.2677265 -0.154965 -0.7139264 -1.069917
-2.248698 -0.07412709 0.6858836 0.2693188 -0.7139264 -1.069917 -2.248698
-0.07412709 1.104041 0.6936026 -0.7139264 -1.069917 0.6447367 0.3040764
0.7946044 0.710574 -0.1598212 -0.6715023 0.6447367 0.3040764 1.313119
1.236686 -0.1598212 -0.6715023 0.6116503 0.5436256 0.2727444 0.7750651
0.8347266 0.3418559 0.6116503 0.5436256 0.5738175 0.7750651 0.3232449
0.3418559 0.6116503 0.5436256 0.8748906 0.7750651 -0.1882368 0.3418559
0.6116503 0.5436256 0.2125298 0.1029996 -0.1882368 0.3418559 1.233654
1.281844 0.8336324 0.7784594 -0.1124617 -0.3510386 1.233654 1.281844
0.1422794 0.07697684 -0.1124617 -0.3510386 -0.56047 -0.2995571 1.467001
1.274023 -0.3587307 1.339624 -0.56047 -0.2995571 0.8046402 0.6019573
-0.3587307 1.339624 -0.56047 -0.2995571 0.3028517 0.09281676 -0.3587307
1.339624 -0.8937101 0.3510468 0.4893663 0.5778888 0.1365777 0.7280145
-0.8937101 0.3510468 0.4911163 0.5007463 0.004442569 0.4863634 -0.8937101
0.3510468 0.4192666 0.1091093 -0.5292246 -0.4896175 -0.8937101 0.3510468
0.6566126 0.4517608 -0.3587307 -0.177815 -1.000075 0.452404 1.047277
0.8327207 -0.3845631 -0.5400098 -1.000075 0.452404 0.5949953 0.3738123
-0.3845631 -0.5400098 -0.1963525 -0.611847 1.048194 0.5435952 -0.8702124
-1.321091 -0.1963525 -0.611847 0.3530306 -0.1617535 -0.8702124 -1.321091
-0.05585453 -0.611847 0.6239964 0.3983011 -0.3928295 -0.7390595 -0.05585453
-0.611847 0.1422794 -0.09047383 -0.3928295 -0.7390595 2.694621 0.7362043
0.6239964 0.3983011 -0.3928295 -1.321091 -0.9709913 0.4752912 0.6112406
0.3914491 -0.3826317 -0.5323568 -0.9709913 0.4752912 0.292347 0.06788315
-0.3826317 -0.5323568 -0.9709913 0.4752912 1.036375 0.8093164 -0.4052291
-0.565206 -0.9709913 0.4752912 1.044578 0.8220555 -0.3978348 -0.5544572
-0.4882195 -0.6332446 -0.0557184 -0.351392 -0.4933217 -0.506012 -0.4882195
-0.6332446 -0.2618024 -0.5518861 -0.4789069 -0.4812975 -0.4882195 -0.6332446
-0.1991187 -0.4823277 -0.4689341 -0.4641989 -0.4882195 -0.6332446 -0.1853011
-0.4683076 -0.4689341 -0.4641989 -0.4882195 -0.6332446 0.08883414 -0.1989989
-0.4837402 -0.4895842 -0.6214614 0.222661 -0.1270006 -0.2784713 -0.2501298
-0.4813818 -0.6214614 0.222661 -0.01951488 -0.1694107 -0.2501298 -0.4813818
-0.6214614 0.222661 0.05026875 -0.1135731 -0.275192 -0.5141205 -0.3638749
-0.8900163 -0.3164987 -0.5647019 -0.4074433 -0.4005311 0.2820605 -0.8900163
-0.1899392 -0.4528414 -0.435159 -0.4466103 0.296458 -0.8900163 -0.04409921
-0.43378 -0.651006 -0.4005311 0.9717127 -0.8900163 -0.02854224 -0.420368
-0.654979 -0.4100083 -0.2902288 -0.8900163 -0.04409921 -0.43378 -0.651006
-0.4005311 0.9653571 -0.8900163 -7.196758e-05 -0.3914806 -0.654979 -0.4100083
-0.56047 -0.2995571 -0.3996522 -0.1108395 0.4937388 1.339624 -0.8705861
-0.1167999 -0.5100457 -0.2992215 0.3658684 -0.2037985 -0.8705861 -0.1167999
0.1339162 0.3541756 0.3658684 -0.2037985 -2.248698 -0.07412709 -0.06679916
-0.494392 -0.7139264 -1.069917 0.6447367 0.3040764 -0.4598668 -0.5622774
-0.1598212 -0.6715023 0.6447367 0.3040764 0.08373739 -0.01070848 -0.1598212
-0.6715023 0.6447367 0.3040764 -0.01662031 -0.1125366 -0.1598212 -0.6715023
0.6116503 1.699098 -0.9616553 -0.4774206 0.8347266 0.3418559 0.6116503
1.699098 -0.08854333 0.1029996 0.3232449 0.3418559 0.6116503 1.699098
-0.6605822 -0.4774206 0.3232449 0.3418559 0.6116503 1.699098 -0.7609399
-0.5792488 0.3232449 0.3418559 0.6116503 1.121362 -0.6605822 -0.4774206
0.3232449 0.3418559 0.6116503 1.121362 -0.7609399 -0.5792488 0.3232449
0.3418559 0.6116503 0.5436256 -0.3896164 0.1029996 0.8347266 0.3418559
0.6116503 0.5436256 -0.6906895 -0.2024848 0.8347266 0.3418559 0.6116503
0.5436256 -1.062013 -0.5792488 0.8347266 0.3418559 0.6116503 0.5436256
-0.3896164 -0.2024848 0.3232449 0.3418559 0.6116503 0.5436256 -0.6605822
-0.4774206 0.3232449 0.3418559 0.6116503 0.5436256 -0.08854333 -0.2024848
-0.1882368 0.3418559 1.233654 1.281844 -0.1810954 -0.251136 -0.1124617
-0.3510386 1.233654 1.281844 -0.5044703 -0.5792488 -0.1124617 -0.3510386
0.6116503 -0.03411072 -0.0985791 0.09281676 0.3232449 0.3418559 0.6116503
-0.03411072 -0.3795807 -0.1923019 0.3232449 0.3418559 0.6116503 -0.03411072
-0.7609399 -0.5792488 0.3232449 0.3418559 -0.56047 -0.2995571 -0.1989368
0.09281676 0.4937388 1.339624 -0.56047 -0.2995571 0.1222078 -0.09047383
-0.3587307 1.339624 -0.56047 -0.2995571 -0.3595091 -0.5792488 -0.3587307
1.339624 1.93421 2.276834 0.0017786 1.477679 2.437369 -0.7182727
1.93421 2.276834 -0.8612976 1.477679 3.903617 -0.7182727 1.233654
1.281844 -0.1810954 -0.251136 -0.1124617 -0.3510386 -0.8937101 0.3510468
-0.6216232 -0.5792488 0.08656497 0.6365504 -0.8937101 0.3510468 -0.2591514
-0.5792488 -0.5292246 -0.4896175 -0.8937101 0.3510468 -1.344501 -0.5792488
1.314635 2.882469 -1.100524 0.3510468 -1.463444 -0.5792488 1.516702
3.252013 -1.100524 0.3510468 -1.317469 -0.5792488 1.268711 2.798482
-1.100524 0.3510468 -0.9282028 -0.5792488 0.6074014 1.589066 -1.100524
0.3510468 -0.7497891 -0.5792488 0.3043011 1.03475 -1.100524 0.3510468
-0.6223507 -0.5792488 0.08780093 0.6388107 -1.100524 0.3510468 -0.8022637
-0.5792488 0.3934483 1.197784 -1.100524 0.3510468 -2.725084 -0.5792488
3.660054 7.171816 -1.100524 0.3510468 -1.065031 -0.5792488 0.8398542
2.01418 -1.100524 0.3510468 -1.317469 -0.5792488 1.268711 2.798482
-1.100524 0.3510468 -0.601111 -0.5792488 0.05171757 0.5728208 1.64368
2.276834 0.1343772 1.457313 2.212103 -0.7547724 1.64368 2.276834
-0.3318515 1.457313 3.004161 -0.7547724 1.64368 2.276834 -0.8059824
1.457313 3.809644 -0.7547724 -1.000075 0.452404 0.1390953 -0.08876743
-0.3845631 -0.5400098 -1.000075 0.452404 -0.3443034 -0.5792488 -0.3845631
-0.5400098 -0.1963525 -0.611847 -0.05843602 -0.5792488 -0.8702124 -1.321091
-0.1963525 -0.611847 0.1405354 -0.3773621 -0.8702124 -1.321091 -0.1963525
-0.611847 0.08702716 -0.4316543 -0.8702124 -1.321091 -0.1963525 -0.611847
-0.05843602 -0.5792488 -0.8702124 -1.321091 -1.100524 -0.3422367 -0.8612976
-0.5792488 0.4937388 1.381198 -0.05585453 -0.611847 -0.0985791 -0.3348613
-0.3928295 -0.7390595 -0.05585453 -0.611847 -0.3394376 -0.5792488 -0.3928295
-0.7390595 2.694621 0.7362043 -0.0985791 -0.3348613 -0.3928295 -1.321091
-0.4882195 -0.6332446 -0.6485874 -1.33924 -1.140103 -0.3407177 -0.4882195
-0.6332446 -0.3331583 -0.6328968 -0.4933217 -0.506012 -0.6214614 0.222661
-1.197684 -1.793255 -0.9674343 -0.4977951 -0.6214614 0.222661 -0.9695154
-1.129421 -0.2435844 -0.4728316 -3.262672 -0.8900163 -0.4244465 -1.02849
-1.00059 -0.3612282 0.296458 -0.8900163 -0.4082543 -0.8410925 -0.7143323
-0.4005311 -0.56047 -0.2995571 -1.80466 -1.536433 0.4937388 1.339624
-0.56047 -0.2995571 -2.218134 -2.819467 -0.9520495 1.339624 -0.56047
-0.2995571 -0.05843602 -0.7625394 -1.177101 1.339624 -0.56047 -0.2995571
-0.1587937 -0.8643675 -1.177101 1.339624 -0.56047 -0.2995571 -0.8813692
-1.59753 -1.177101 1.339624 -0.56047 -0.2995571 -0.3996522 -1.108755
-1.177101 1.339624 1.00146 1.506519 -2.617557 -3.124951 -0.7849655
-0.004591329 1.00146 1.506519 -0.5769508 -1.054447 -0.7849655 -0.004591329
1.00146 1.506519 -0.2842409 -0.7574479 -0.7849655 -0.004591329 1.147561
1.249748 -2.032138 -2.530954 -0.7849655 -0.4376504 1.147561 1.249748
-0.8612976 -1.34296 -0.7849655 -0.4376504 1.147561 1.249748 -0.4765931
-0.9526185 -0.7849655 -0.4376504 1.147561 1.249748 -0.17552 -0.6471342
-0.7849655 -0.4376504 -0.8705861 -0.1167999 -1.202514 -1.767243 -0.9156775
-0.2037985 -0.8705861 -0.1167999 -1.202514 -1.427816 -0.3473645 -0.2037985
-0.8705861 -0.1167999 -1.154008 -0.9526185 0.3658684 -0.2037985 -2.248698
-0.07412709 -0.4598668 -1.037475 -0.9554594 -1.069917 -2.248698 -0.07412709
-0.3427828 -0.7744193 -0.7139264 -1.069917 0.6447367 0.3040764 -1.062013
-1.682387 -1.012291 -0.6715023 0.6447367 0.3040764 -1.062013 -1.258103
-0.3018994 -0.6715023 0.6116503 1.699098 -2.06559 -1.59753 0.8347266
0.3418559 0.6116503 1.699098 -1.232621 -1.057841 0.3232449 0.3418559
0.6116503 0.5436256 -1.563802 -1.088389 0.8347266 0.3418559 0.6116503
-0.03411072 -1.784589 -1.719724 0.152751 0.3418559 -0.56047 -0.2995571
-1.363086 -1.088389 0.4937388 1.339624 -0.56047 -0.2995571 -0.5200815
-0.7421737 -0.3587307 1.339624 -0.8937101 0.3510468 -2.40834 -1.814041
1.054499 2.406728 -0.8937101 0.3510468 -1.689133 -0.9358818 1.302996
2.861182 -1.000075 0.452404 -1.264787 -1.513219 -0.3845631 -0.5400098
-1.000075 0.452404 -1.317469 -1.876675 -0.9036086 -0.5400098 -0.1963525
-0.611847 -0.0985791 -0.6830073 -0.9757409 -1.321091 -1.100524 -0.3422367
-2.169962 -2.636177 -0.7269975 1.381198 -1.100524 -0.3422367 -1.905018
-1.638261 0.4937388 1.381198 -1.100524 -0.3422367 -1.363086 -1.088389
0.4937388 1.381198 -0.05585453 -0.611847 -0.435781 -1.068024 -1.047526
-0.7390595 2.694621 0.7362043 -0.435781 -1.068024 -1.047526 -1.321091
