1
2
3
4
5
6
7
9
11
12
14
15
17
19
20
23
24
25
26
32
33
34
36
37
38
41
44
46
47
50
51
53
58
59
60
62
63
64
65
66
67
68
69
71
72
73
74
77
78
79
80
82
83
85
86
87
88
89
90
92
93
94
95
96
97
99
100
101
103
104
107
108
109
110
113
114
115
117
118
119
120
125
127
128
129
132
133
135
136
138
140
141
145
146
147
148
151
152
154
156
157
158
160
161
162
163
164
165
166
168
170
171
172
173
174
175
176
177
178
180
181
182
184
185
186
187
188
189
190
191
192
194
195
197
198
203
208
210
212
213
214
215
216
217
218
219
220
221
222
224
226
228
230
233
234
235
236
237
238
239
240
241
242
243
244
245
246
247
248
250
251
253
254
256
258
261
263
264
265
268
270
271
272
273
274
275
276
278
279
