-0.4882195055 -1.57474081 1.801195899 1.457313429 -0.619592666 -0.4375601823 -0.4882195055
-1.57474081 1.951502404 1.457313429 -0.8749427005 -0.4194449117 -0.4882195055 -1.57474081
1.922003433 1.457313429 -0.8248280141 -0.489584239 -0.4882195055 -1.57474081 1.851837458
1.457313429 -0.7056256948 -0.5297722099 -0.6214614043 -1.57474081 1.775094425 1.457313429
-0.5752498592 -0.4894678157 -0.6214614043 -1.57474081 2.006026189 1.457313429 -0.9675710955
-0.5221229954 -0.6214614043 -1.57474081 2.123016115 1.457313429 -1.166320854 -0.4894678157
0.9549185404 -1.57474081 1.92327523 1.457313429 -0.8269886217 -0.4193521382 -0.363874863
-1.57474081 1.943218975 1.457313429 -0.8608702964 -0.4554473577 -0.3112913202 -1.57474081
1.812465964 1.457313429 -0.6387389538 -0.3712690903 0.9371629597 -1.57474081 1.771273974
1.457313429 -0.5687594399 -0.3811644422 -0.5604699729 -1.57474081 1.62757338 1.457313429
-0.324631938 1.339624057 0.6116502503 -1.57474081 1.24621411 1.457313429 0.323244894
0.3418559355 1.233654203 -1.57474081 1.502683794 1.457313429 -0.1124617474 -0.3510385931
1.93420978 -1.57474081 1.045498705 1.457313429 0.6642327003 -0.7182726933 1.643679817
-1.57474081 1.959781081 1.457313429 -0.8890070316 -0.754772413 1.643679817 -1.57474081
1.485650204 1.457313429 -0.08352402456 -0.754772413 1.643679817 -1.57474081 1.169562952
1.457313429 0.4534646468 -0.754772413 1.643679817 -1.57474081 1.011519326 1.457313429
0.7219589825 -0.754772413 -1.100523738 -1.57474081 1.808217244 1.457313429 -0.6315209637
1.381197728 -0.05585452876 -1.57474081 1.667716461 1.457313429 -0.3928294993 -0.7390595292
-0.4810822269 0.2960242998 0.3283245594 -0.1631405366 -0.8305626832 -0.7699980756 -0.4882195055
-0.6332446435 0.208357877 -0.08344652881 -0.4933217227 -0.5060119638 -0.4882195055 -0.6332446435
0.328389861 0.04115502048 -0.4886153514 -0.497942805 -0.4882195055 -0.6332446435 0.6934163807
0.4388745849 -0.4428311194 -0.4194449117 -0.4882195055 -0.6332446435 1.199274892 0.9277116751
-0.483740182 -0.489584239 -0.6214614043 0.2226609621 1.298556445 1.160468203 -0.2626945145
-0.4977951136 -0.6214614043 0.2226609621 1.186044455 1.050115053 -0.2563197911 -0.4894678157
-0.6214614043 0.2226609621 1.403300684 1.278160682 -0.243584439 -0.4728316317 -0.363874863
-0.8900163252 0.9881514469 0.7590635363 -0.4074432624 -0.4005310595 0.9549185404 -0.8900163252
1.338030732 1.110664546 -0.4131436665 -0.4100083403 0.9549185404 -0.8900163252 0.5663260135
0.3242964379 -0.4187637831 -0.4193521382 0.9371629597 -0.8900163252 0.629731081 0.3953917174
-0.4074432624 -0.4005310595 -0.3112913202 -0.8900163252 0.945141003 0.715422918 -0.4074432624
-0.4005310595 -0.3112913202 -0.8900163252 0.5773966947 0.3322196336 -0.4243052968 -0.4285652537
-0.2902288429 -0.8900163252 0.5723838225 0.1917354988 -0.6510059812 -0.4005310595 -0.2902288429
-0.8900163252 1.231877296 0.8608916456 -0.6510059812 -0.4005310595 0.9653571446 -0.8900163252
0.6153942664 0.2353761171 -0.6510059812 -0.4005310595 0.9653571446 -0.8900163252 0.2846307344
-0.1026065436 -0.6549789901 -0.4100083403 -0.5604699729 -0.2995571202 0.985284084 1.294388454
0.4937387972 1.339624057 -0.5604699729 -0.2995571202 0.3028517073 0.6019573105 0.4937387972
1.339624057 -0.5604699729 -0.2995571202 1.908574947 1.233291588 -1.177101454 1.339624057
-0.5604699729 -0.2995571202 1.326500272 0.6426885542 -1.177101454 1.339624057 -0.5604699729
-0.2995571202 0.1422793834 -0.5588831354 -1.177101454 1.339624057 -0.5604699729 -0.2995571202
0.8447833006 0.1539136296 -1.177101454 1.339624057 1.001459621 1.506519371 0.5938890444
0.1335480078 -0.7849654765 -0.004591328846 1.147561008 1.249747689 0.7444255981 0.2862901717
-0.7849654765 -0.4376504092 -0.8705861221 -0.1167999052 0.8029675912 1.03302964 0.3658683698
-0.2037985058 -2.24869846 -0.07412708554 0.2677265115 -0.1549649686 -0.7139263502 -1.069916667
-2.24869846 -0.07412708554 0.685883605 0.2693188202 -0.7139263502 -1.069916667 -2.24869846
-0.07412708554 1.104040699 0.6936026089 -0.7139263502 -1.069916667 0.6447367451 0.3040763734
0.7946044493 0.7105739604 -0.159821165 -0.6715023126 0.6447367451 0.3040763734 1.313119245
1.236685858 -0.159821165 -0.6715023126 0.6116502503 0.5436255642 0.2727443966 0.7750650963
0.8347266035 0.3418559355 0.6116502503 0.5436255642 0.573817504 0.7750650963 0.323244894
0.3418559355 0.6116502503 0.5436255642 0.8748906113 0.7750650963 -0.1882368155 0.3418559355
0.6116502503 0.5436255642 0.2125297751 0.102999575 -0.1882368155 0.3418559355 1.233654203
1.281844149 0.8336324447 0.7784593666 -0.1124617474 -0.3510385931 1.233654203 1.281844149
0.1422793834 0.07697683593 -0.1124617474 -0.3510385931 -0.5604699729 -0.2995571202 1.467001056
1.274022832 -0.3587307186 1.339624057 -0.5604699729 -0.2995571202 0.8046402196 0.6019573105
-0.3587307186 1.339624057 -0.5604699729 -0.2995571202 0.3028517073 0.09281676404 -0.3587307186
1.339624057 -0.8937101028 0.351046803 0.489366299 0.5778888483 0.1365776562 0.7280145463
-0.8937101028 0.351046803 0.4911163171 0.5007463413 0.004442568838 0.4863633505 -0.8937101028
0.351046803 0.4192666422 0.1091092615 -0.5292246218 -0.4896174989 -0.8937101028 0.351046803
0.6566126085 0.4517608493 -0.3587307186 -0.177814961 -1.00007471 0.4524040457 1.047277077
0.8327206994 -0.3845631282 -0.5400098282 -1.00007471 0.4524040457 0.5949953256 0.3738122696
-0.3845631282 -0.5400098282 -0.1963525388 -0.6118470034 1.048193936 0.5435951651 -0.8702124281
-1.321090933 -0.1963525388 -0.6118470034 0.3530305586 -0.1617535092 -0.8702124281 -1.321090933
-0.05585452876 -0.6118470034 0.6239963552 0.3983010919 -0.3928294993 -0.7390595292 -0.05585452876
-0.6118470034 0.1422793834 -0.09047383269 -0.3928294993 -0.7390595292 2.69462064 0.7362043255
0.6239963552 0.3983010919 -0.3928294993 -1.321090933 -0.9709912669 0.4752911651 0.6112406098
0.391449107 -0.3826317331 -0.5323567875 -0.9709912669 0.4752911651 0.2923469759 0.06788315224
-0.3826317331 -0.5323567875 -0.9709912669 0.4752911651 1.036375278 0.8093163694 -0.4052290559
-0.5652059929 -0.9709912669 0.4752911651 1.044577993 0.8220554991 -0.3978348249 -0.5544571703
-0.4882195055 -0.6332446435 -0.05571840479 -0.3513919662 -0.4933217227 -0.5060119638 -0.4882195055
-0.6332446435 -0.2618023795 -0.5518861176 -0.4789069172 -0.4812975192 -0.4882195055 -0.6332446435
-0.1991186727 -0.4823276596 -0.4689340511 -0.4641988598 -0.4882195055 -0.6332446435 -0.1853010902
-0.4683076266 -0.4689340511 -0.4641988598 -0.4882195055 -0.6332446435 0.0888341364 -0.1989988801
-0.483740182 -0.489584239 -0.6214614043 0.2226609621 -0.1270005848 -0.278471253 -0.2501297544
-0.4813817739 -0.6214614043 0.2226609621 -0.01951488322 -0.1694107075 -0.2501297544 -0.4813817739
-0.6214614043 0.2226609621 0.05026875311 -0.1135731326 -0.2751919821 -0.5141205492 -0.363874863
-0.8900163252 -0.3164986849 -0.5647018845 -0.4074432624 -0.4005310595 0.282060505 -0.8900163252
-0.1899392178 -0.4528414492 -0.4351590201 -0.4466102523 0.2964580174 -0.8900163252 -0.04409920685
-0.4337800297 -0.6510059812 -0.4005310595 0.9717127097 -0.8900163252 -0.02854223778 -0.4203680194
-0.6549789901 -0.4100083403 -0.2902288429 -0.8900163252 -0.04409920685 -0.4337800297 -0.6510059812
-0.4005310595 0.9653571446 -0.8900163252 -0.00007196758088 -0.3914806125 -0.6549789901 -0.4100083403
-0.5604699729 -0.2995571202 -0.3996522098 -0.1108394545 0.4937387972 1.339624057 -0.8705861221
-0.1167999052 -0.5100456825 -0.2992214567 0.3658683698 -0.2037985058 -0.8705861221 -0.1167999052
0.1339162415 0.3541755779 0.3658683698 -0.2037985058 -2.24869846 -0.07412708554 -0.06679916336
-0.4943919996 -0.7139263502 -1.069916667 0.6447367451 0.3040763734 -0.4598668313 -0.5622774058
-0.159821165 -0.6715023126 0.6447367451 0.3040763734 0.08373739032 -0.01070848041 -0.159821165
-0.6715023126 0.6447367451 0.3040763734 -0.01662031213 -0.1125365897 -0.159821165 -0.6715023126
0.6116502503 1.699098132 -0.9616553436 -0.477420648 0.8347266035 0.3418559355 0.6116502503
1.699098132 -0.08854333222 0.102999575 0.323244894 0.3418559355 0.6116502503 1.699098132
-0.6605822362 -0.477420648 0.323244894 0.3418559355 0.6116502503 1.699098132 -0.7609399386
-0.5792487573 0.323244894 0.3418559355 0.6116502503 1.121361848 -0.6605822362 -0.477420648
0.323244894 0.3418559355 0.6116502503 1.121361848 -0.7609399386 -0.5792487573 0.323244894
0.3418559355 0.6116502503 0.5436255642 -0.3896164396 0.102999575 0.8347266035 0.3418559355
0.6116502503 0.5436255642 -0.6906895469 -0.2024847529 0.8347266035 0.3418559355 0.6116502503
0.5436255642 -1.062013046 -0.5792487573 0.8347266035 0.3418559355 0.6116502503 0.5436255642
-0.3896164396 -0.2024847529 0.323244894 0.3418559355 0.6116502503 0.5436255642 -0.6605822362
-0.477420648 0.323244894 0.3418559355 0.6116502503 0.5436255642 -0.08854333222 -0.2024847529
-0.1882368155 0.3418559355 1.233654203 1.281844149 -0.1810954356 -0.2511359607 -0.1124617474
-0.3510385931 1.233654203 1.281844149 -0.5044702546 -0.5792487573 -0.1124617474 -0.3510385931
0.6116502503 -0.03411071957 -0.09857910247 0.09281676404 0.323244894 0.3418559355 0.6116502503
-0.03411071957 -0.3795806693 -0.192301942 0.323244894 0.3418559355 0.6116502503 -0.03411071957
-0.7609399386 -0.5792487573 0.323244894 0.3418559355 -0.5604699729 -0.2995571202 -0.1989368049
0.09281676404 0.4937387972 1.339624057 -0.5604699729 -0.2995571202 0.1222078429 -0.09047383269
-0.3587307186 1.339624057 -0.5604699729 -0.2995571202 -0.3595091288 -0.5792487573 -0.3587307186
1.339624057 1.93420978 2.276834416 0.001778599982 1.47767905 2.437369293 -0.7182726933
1.93420978 2.276834416 -0.8612976411 1.47767905 3.90361686 -0.7182726933 1.233654203
1.281844149 -0.1810954356 -0.2511359607 -0.1124617474 -0.3510385931 -0.8937101028 0.351046803
-0.6216232042 -0.5792487573 0.08656496563 0.6365503734 -0.8937101028 0.351046803 -0.2591514264
-0.5792487573 -0.5292246218 -0.4896174989 -0.8937101028 0.351046803 -1.344501394 -0.5792487573
1.314635368 2.882469207 -1.100523738 0.351046803 -1.463443856 -0.5792487573 1.516702216
3.252012956 -1.100523738 0.351046803 -1.317469016 -0.5792487573 1.268711084 2.798481991
-1.100523738 0.351046803 -0.9282027761 -0.5792487573 0.6074013993 1.589066087 -1.100523738
0.351046803 -0.7497890828 -0.5792487573 0.304301127 1.034750464 -1.100523738 0.351046803
-0.6223507305 -0.5792487573 0.08780093249 0.6388107334 -1.100523738 0.351046803 -0.8022636985
-0.5792487573 0.3934482659 1.197784471 -1.100523738 0.351046803 -2.725083544 -0.5792487573
3.660054142 7.171816289 -1.100523738 0.351046803 -1.065031323 -0.5792487573 0.8398542397
2.014180324 -1.100523738 0.351046803 -1.317469016 -0.5792487573 1.268711084 2.798481991
-1.100523738 0.351046803 -0.6011110051 -0.5792487573 0.05171756674 0.5728207783 1.643679817
2.276834416 0.1343772021 1.457313429 2.212102546 -0.754772413 1.643679817 2.276834416
-0.3318514943 1.457313429 3.004160836 -0.754772413 1.643679817 2.276834416 -0.805982372
1.457313429 3.809643843 -0.754772413 -1.00007471 0.4524040457 0.1390953199 -0.08876742758
-0.3845631282 -0.5400098282 -1.00007471 0.4524040457 -0.3443034164 -0.5792487573 -0.3845631282
-0.5400098282 -0.1963525388 -0.6118470034 -0.05843602149 -0.5792487573 -0.8702124281 -1.321090933
-0.1963525388 -0.6118470034 0.1405354107 -0.3773620635 -0.8702124281 -1.321090933 -0.1963525388
-0.6118470034 0.08702715702 -0.4316543019 -0.8702124281 -1.321090933 -0.1963525388 -0.6118470034
-0.05843602149 -0.5792487573 -0.8702124281 -1.321090933 -1.100523738 -0.3422367376 -0.8612976411
-0.5792487573 0.4937387972 1.381197728 -0.05585452876 -0.6118470034 -0.09857910247 -0.334861295
-0.3928294993 -0.7390595292 -0.05585452876 -0.6118470034 -0.3394375884 -0.5792487573 -0.3928294993
-0.7390595292 2.69462064 0.7362043255 -0.09857910247 -0.334861295 -0.3928294993 -1.321090933
-0.4882195055 -0.6332446435 -0.648587423 -1.339239867 -1.140102793 -0.3407177212 -0.4882195055
-0.6332446435 -0.3331582827 -0.6328967987 -0.4933217227 -0.5060119638 -0.6214614043 0.2226609621
-1.197684377 -1.79325509 -0.9674342644 -0.4977951136 -0.6214614043 0.2226609621 -0.9695153679
-1.129421062 -0.243584439 -0.4728316317 -3.262672257 -0.8900163252 -0.4244464657 -1.028490416
-1.000590119 -0.3612282186 0.2964580174 -0.8900163252 -0.4082542986 -0.8410924669 -0.7143322881
-0.4005310595 -0.5604699729 -0.2995571202 -1.804660044 -1.536432985 0.4937387972 1.339624057
-0.5604699729 -0.2995571202 -2.218133778 -2.819467162 -0.9520495016 1.339624057 -0.5604699729
-0.2995571202 -0.05843602149 -0.762539354 -1.177101454 1.339624057 -0.5604699729 -0.2995571202
-0.1587937239 -0.8643674633 -1.177101454 1.339624057 -0.5604699729 -0.2995571202 -0.8813691816
-1.59752985 -1.177101454 1.339624057 -0.5604699729 -0.2995571202 -0.3996522098 -1.108754926
-1.177101454 1.339624057 1.001459621 1.506519371 -2.617557434 -3.12495149 -0.7849654765
-0.004591328846 1.001459621 1.506519371 -0.5769508175 -1.054446601 -0.7849654765 -0.004591328846
1.001459621 1.506519371 -0.284240852 -0.7574479486 -0.7849654765 -0.004591328846 1.147561008
1.249747689 -2.032137503 -2.530954185 -0.7849654765 -0.4376504092 1.147561008 1.249747689
-0.8612976411 -1.342959577 -0.7849654765 -0.4376504092 1.147561008 1.249747689 -0.476593115
-0.9526184914 -0.7849654765 -0.4376504092 1.147561008 1.249747689 -0.1755200077 -0.6471341635
-0.7849654765 -0.4376504092 -0.8705861221 -0.1167999052 -1.202513829 -1.767243366 -0.915677469
-0.2037985058 -0.8705861221 -0.1167999052 -1.202513829 -1.427816335 -0.3473644584 -0.2037985058
-0.8705861221 -0.1167999052 -1.154007607 -0.9526184914 0.3658683698 -0.2037985058 -2.24869846
-0.07412708554 -0.4598668313 -1.037475249 -0.9554593797 -1.069916667 -2.24869846 -0.07412708554
-0.3427828451 -0.7744193001 -0.7139263502 -1.069916667 0.6447367451 0.3040763734 -1.062013046
-1.682386608 -1.012290681 -0.6715023126 0.6447367451 0.3040763734 -1.062013046 -1.258102819
-0.3018994176 -0.6715023126 0.6116502503 1.699098132 -2.065590071 -1.59752985 0.8347266035
0.3418559355 0.6116502503 1.699098132 -1.23262114 -1.057840871 0.323244894 0.3418559355
0.6116502503 0.5436255642 -1.563801558 -1.088389304 0.8347266035 0.3418559355 0.6116502503
-0.03411071957 -1.784588504 -1.719723581 0.1527509908 0.3418559355 -0.5604699729 -0.2995571202
-1.363086153 -1.088389304 0.4937387972 1.339624057 -0.5604699729 -0.2995571202 -0.5200814528
-0.7421737322 -0.3587307186 1.339624057 -0.8937101028 0.351046803 -2.408339965 -1.814041445
1.054499475 2.40672767 -0.8937101028 0.351046803 -1.689133067 -0.9358817668 1.302995573
2.861182125 -1.00007471 0.4524040457 -1.264787237 -1.513219194 -0.3845631282 -0.5400098282
-1.00007471 0.4524040457 -1.317469016 -1.87667467 -0.9036086164 -0.5400098282 -0.1963525388
-0.6118470034 -0.09857910247 -0.6830072573 -0.9757408819 -1.321090933 -1.100523738 -0.3422367376
-2.169962081 -2.636176565 -0.7269975495 1.381197728 -1.100523738 -0.3422367376 -1.905017747
-1.638261094 0.4937387972 1.381197728 -1.100523738 -0.3422367376 -1.363086153 -1.088389304
0.4937387972 1.381197728 -0.05585452876 -0.6118470034 -0.4357809827 -1.068023682 -1.047526087
-0.7390595292 2.69462064 0.7362043255 -0.4357809827 -1.068023682 -1.047526087 -1.321090933
