500
500
500
-500
-306.8168908
-17.99351684
-78.00019702
124.4913839
-500
-269.9854054
-187.934973
5.772099716
-1.891132676
122.102417
118.9273835
-5.271985741
-21.90489355
-112.9393095
-48.75680551
-6.678792163
215.1894759
249.6744559
-500
-500
500
84.37741363
500
-490.9316118
-163.0333166
-500
-35.7218889
-500
500
500
-293.035894
241.4573103
-110.3019153
-115.2304297
382.918601
-11.72636205
-61.16551411
-14.88152916
-17.50630064
-500
93.41709448
49.31704833
-2.441180741
-4.385986083
-441.487981
251.8987663
-83.16347605
130.9542504
-29.7372573
23.48924787
94.71409239
35.67747396
-446.241751
-28.79676222
-167.7733259
16.08642736
92.06058974
-473.852703
-116.8513518
138.4714353
-454.808966
79.26269692
166.1643071
452.001501
31.23152745
-500
-79.49298222
-4.854168374
-3.783458104
-500
500
441.9976724
-500
69.17202943
-500
500
500
500
14.9279207
487.6512682
-500
-133.422372
79.42352012
-500
348.8261678
125.1249311
-500
-462.4409108
-78.37151861
24.96035693
500
-301.7852865
-500
500
-14.64380006
51.19631001
-500
500
-498.7510595
500
-332.3168895
500
-136.9149358
328.0893085
-500
500
500
-278.4201574
-291.9561891
353.4028626
-112.292508
500
293.4943633
500
34.33328348
11.91040613
-9.518576737
-64.89048098
-500
-57.07948574
-6.37903393
-403.1080536
-88.63060353
-500
-337.5752128
500
-1.594191172
-26.55781477
500
500
-28.81261673
-5.741338603
-13.36490083
-351.3382458
500
-500
365.6659794
500
500
-40.26237282
500
-132.789801
8.354066638
46.48674076
-500
-30.62550052
-70.44653816
-2.28168366
106.8234661
-19.02937907
-4.596757412
500
312.0611721
115.9793994
-500
3.828069737
53.76596747
-122.693973
-3.81158396
-57.0046911
260.2865589
-193.6771759
-60.75023368
142.8480438
9.868056327
74.41418482
-299.8256245
-66.6810402
184.0764563
-3.878857075
-38.87769557
25.22262302
0.02358459691
93.95485558
-420.2320096
7.666618117
-21.36066935
-90.32160939
73.88715158
-500
2.85802134
-58.04778508
86.52760687
148.3702706
-4.655115792
